# Created by Octave 3.6.2, Sat Apr 27 10:21:39 2013 CEST <alexander@lepir>
# name: dataselection2
# type: matrix
# rows: 6000
# columns: 1
 -1.02438e-05
 -1.07715e-05
 -1.01421e-05
 -9.10977e-06
 -8.96108e-06
 -9.832010000000001e-06
 -1.00186e-05
 -8.74808e-06
 -6.41921e-06
 -4.63586e-06
 -4.10757e-06
 -4.61783e-06
 -5.82928e-06
 -6.98616e-06
 -7.69546e-06
 -8.14378e-06
 -7.870389999999999e-06
 -8.69971e-06
 -8.934380000000001e-06
 -9.47193e-06
 -9.485060000000001e-06
 -8.27152e-06
 -6.65812e-06
 -5.94104e-06
 -5.83462e-06
 -6.04554e-06
 -5.41836e-06
 -4.28608e-06
 -4.20225e-06
 -4.58073e-06
 -5.12511e-06
 -5.9859e-06
 -7.01408e-06
 -7.88774e-06
 -8.13145e-06
 -8.54943e-06
 -1.01104e-05
 -1.07009e-05
 -9.994649999999999e-06
 -8.782959999999999e-06
 -7.909449999999999e-06
 -7.45423e-06
 -7.26801e-06
 -6.40029e-06
 -5.48787e-06
 -5.06579e-06
 -4.85312e-06
 -4.65199e-06
 -4.87314e-06
 -6.00479e-06
 -7.42366e-06
 -7.792559999999999e-06
 -7.27917e-06
 -6.33804e-06
 -6.39287e-06
 -7.2105e-06
 -8.452040000000001e-06
 -8.72408e-06
 -8.39275e-06
 -7.43701e-06
 -6.60388e-06
 -5.62239e-06
 -5.45881e-06
 -5.82266e-06
 -6.0201e-06
 -6.35973e-06
 -6.6424e-06
 -6.83129e-06
 -7.01379e-06
 -6.60183e-06
 -6.52552e-06
 -7.29143e-06
 -8.654100000000001e-06
 -9.21818e-06
 -9.15539e-06
 -8.82334e-06
 -8.868970000000001e-06
 -8.44837e-06
 -7.35628e-06
 -6.93253e-06
 -7.08137e-06
 -8.18616e-06
 -9.801910000000001e-06
 -1.08288e-05
 -1.07018e-05
 -9.845549999999999e-06
 -9.30282e-06
 -9.34624e-06
 -9.18806e-06
 -8.73655e-06
 -9.17191e-06
 -1.01462e-05
 -1.06574e-05
 -1.15753e-05
 -1.21907e-05
 -1.19322e-05
 -1.05503e-05
 -9.7748e-06
 -1.0129e-05
 -1.02827e-05
 -1.01918e-05
 -1.00078e-05
 -1.00767e-05
 -1.02935e-05
 -1.04274e-05
 -1.02011e-05
 -1.00508e-05
 -9.843369999999999e-06
 -9.429970000000001e-06
 -9.46955e-06
 -8.7449e-06
 -7.92164e-06
 -8.38921e-06
 -9.435560000000001e-06
 -9.65178e-06
 -9.435540000000001e-06
 -9.96306e-06
 -1.00179e-05
 -1.07823e-05
 -1.17696e-05
 -1.17133e-05
 -1.13452e-05
 -1.03259e-05
 -9.16166e-06
 -8.74318e-06
 -9.058179999999999e-06
 -9.051270000000001e-06
 -8.81556e-06
 -8.513939999999999e-06
 -8.11004e-06
 -8.45772e-06
 -8.525589999999999e-06
 -8.16954e-06
 -7.87803e-06
 -8.36272e-06
 -8.49443e-06
 -8.829670000000001e-06
 -8.56543e-06
 -8.32266e-06
 -8.168079999999999e-06
 -8.538809999999999e-06
 -8.831800000000001e-06
 -9.31176e-06
 -9.06795e-06
 -9.097239999999999e-06
 -9.173200000000001e-06
 -9.12127e-06
 -8.80329e-06
 -8.212349999999999e-06
 -7.99713e-06
 -8.53942e-06
 -9.563939999999999e-06
 -1.08944e-05
 -1.19085e-05
 -1.12463e-05
 -9.9804e-06
 -9.64456e-06
 -1.02207e-05
 -1.04088e-05
 -9.344079999999999e-06
 -7.986169999999999e-06
 -7.50665e-06
 -7.46183e-06
 -7.02609e-06
 -6.72484e-06
 -5.87673e-06
 -5.47856e-06
 -5.8401e-06
 -5.82664e-06
 -6.01574e-06
 -6.64453e-06
 -7.17832e-06
 -7.60952e-06
 -7.07466e-06
 -6.88013e-06
 -6.80785e-06
 -7.28649e-06
 -7.73621e-06
 -8.21623e-06
 -8.27939e-06
 -8.87812e-06
 -1.01983e-05
 -1.14525e-05
 -1.09692e-05
 -9.451280000000001e-06
 -8.55357e-06
 -8.04219e-06
 -7.78964e-06
 -7.70611e-06
 -7.33788e-06
 -7.97002e-06
 -8.357939999999999e-06
 -8.03785e-06
 -7.57801e-06
 -7.08287e-06
 -6.95127e-06
 -7.01901e-06
 -7.02525e-06
 -6.4586e-06
 -6.31418e-06
 -5.96828e-06
 -6.34803e-06
 -6.34692e-06
 -5.40471e-06
 -5.07029e-06
 -5.11331e-06
 -5.60132e-06
 -6.17976e-06
 -7.3455e-06
 -8.37655e-06
 -8.781330000000001e-06
 -8.387960000000001e-06
 -7.31582e-06
 -6.35096e-06
 -5.95464e-06
 -5.86601e-06
 -5.90309e-06
 -5.90555e-06
 -6.56737e-06
 -6.77006e-06
 -6.84102e-06
 -6.6986e-06
 -6.93043e-06
 -7.778750000000001e-06
 -8.956469999999999e-06
 -9.39189e-06
 -9.008530000000001e-06
 -8.067240000000001e-06
 -7.04119e-06
 -6.22473e-06
 -5.98425e-06
 -6.76539e-06
 -7.708960000000001e-06
 -7.74539e-06
 -7.636600000000001e-06
 -6.76606e-06
 -5.57048e-06
 -5.31619e-06
 -6.30012e-06
 -7.58181e-06
 -8.16388e-06
 -7.98369e-06
 -7.31852e-06
 -6.71434e-06
 -7.18658e-06
 -7.73626e-06
 -8.134220000000001e-06
 -7.31428e-06
 -6.94765e-06
 -7.09415e-06
 -6.90119e-06
 -6.79313e-06
 -7.03088e-06
 -7.48855e-06
 -8.12831e-06
 -8.49158e-06
 -8.62043e-06
 -8.7149e-06
 -9.63107e-06
 -1.06204e-05
 -1.06285e-05
 -1.0309e-05
 -9.280820000000001e-06
 -7.988270000000001e-06
 -7.31056e-06
 -7.59785e-06
 -8.274489999999999e-06
 -9.102299999999999e-06
 -9.28798e-06
 -9.376500000000001e-06
 -9.857170000000001e-06
 -9.047739999999999e-06
 -8.08426e-06
 -7.04933e-06
 -7.22925e-06
 -7.47077e-06
 -7.95668e-06
 -8.3106e-06
 -8.33359e-06
 -7.83807e-06
 -7.07037e-06
 -6.04386e-06
 -4.97505e-06
 -4.24755e-06
 -4.59253e-06
 -5.46214e-06
 -5.48855e-06
 -4.11814e-06
 -3.01118e-06
 -2.67779e-06
 -3.36686e-06
 -4.24852e-06
 -5.0823e-06
 -5.72451e-06
 -6.76171e-06
 -7.5593e-06
 -8.152770000000001e-06
 -8.69242e-06
 -9.42054e-06
 -1.01541e-05
 -1.03295e-05
 -9.165699999999999e-06
 -8.10331e-06
 -6.69591e-06
 -5.46458e-06
 -5.17086e-06
 -5.78483e-06
 -6.6829e-06
 -6.7896e-06
 -5.71785e-06
 -5.62473e-06
 -6.36478e-06
 -8.12072e-06
 -8.758089999999999e-06
 -9.208100000000001e-06
 -9.20203e-06
 -8.90512e-06
 -9.304360000000001e-06
 -9.69082e-06
 -9.77976e-06
 -9.715509999999999e-06
 -8.96561e-06
 -7.7972e-06
 -7.865080000000001e-06
 -8.691759999999999e-06
 -8.669239999999999e-06
 -8.447269999999999e-06
 -8.003090000000001e-06
 -7.776110000000001e-06
 -6.98563e-06
 -6.29856e-06
 -6.77465e-06
 -8.22245e-06
 -1.03137e-05
 -1.17713e-05
 -1.26936e-05
 -1.3125e-05
 -1.23767e-05
 -1.16717e-05
 -1.15268e-05
 -1.10278e-05
 -1.05387e-05
 -1.00234e-05
 -9.59993e-06
 -9.60112e-06
 -9.2678e-06
 -9.70515e-06
 -1.06374e-05
 -1.15615e-05
 -1.19221e-05
 -1.19068e-05
 -1.10304e-05
 -9.94858e-06
 -9.71591e-06
 -1.05457e-05
 -1.0721e-05
 -1.01923e-05
 -1.01978e-05
 -1.11997e-05
 -1.15041e-05
 -1.1226e-05
 -1.101e-05
 -1.06242e-05
 -9.52702e-06
 -8.65056e-06
 -8.359700000000001e-06
 -8.95312e-06
 -8.793780000000001e-06
 -8.79835e-06
 -8.81097e-06
 -8.87003e-06
 -9.61987e-06
 -1.09193e-05
 -1.14223e-05
 -1.20537e-05
 -1.26234e-05
 -1.28975e-05
 -1.27202e-05
 -1.24303e-05
 -1.17562e-05
 -1.11031e-05
 -1.05467e-05
 -1.01649e-05
 -9.80352e-06
 -9.348219999999999e-06
 -8.29455e-06
 -7.3403e-06
 -6.9054e-06
 -6.74359e-06
 -6.68304e-06
 -5.90658e-06
 -4.91262e-06
 -4.74562e-06
 -4.86638e-06
 -5.65681e-06
 -6.90709e-06
 -8.32523e-06
 -9.25546e-06
 -9.41187e-06
 -8.875779999999999e-06
 -8.73125e-06
 -8.87405e-06
 -9.60613e-06
 -9.709649999999999e-06
 -8.871660000000001e-06
 -8.006940000000001e-06
 -7.54897e-06
 -6.94282e-06
 -6.77218e-06
 -7.08732e-06
 -7.07188e-06
 -7.19767e-06
 -7.0994e-06
 -6.56556e-06
 -7.00859e-06
 -6.96e-06
 -6.87731e-06
 -6.74261e-06
 -6.68681e-06
 -6.157e-06
 -5.93857e-06
 -6.0315e-06
 -5.8036e-06
 -5.99189e-06
 -6.3631e-06
 -6.06371e-06
 -5.3058e-06
 -4.73686e-06
 -5.49359e-06
 -6.78533e-06
 -7.15042e-06
 -7.09282e-06
 -6.80519e-06
 -6.72939e-06
 -6.61387e-06
 -7.11453e-06
 -6.72066e-06
 -5.9031e-06
 -5.37028e-06
 -5.35413e-06
 -5.51911e-06
 -4.92328e-06
 -3.7181e-06
 -2.41965e-06
 -2.20888e-06
 -2.88089e-06
 -3.60021e-06
 -4.18467e-06
 -4.70371e-06
 -5.20613e-06
 -4.87394e-06
 -4.53567e-06
 -4.24748e-06
 -4.13352e-06
 -3.579e-06
 -1.94678e-06
 -4.80232e-07
 -1.08714e-07
 6.64025e-08
 6.31734e-07
 7.27959e-07
 3.98285e-07
 -1.25191e-07
 -1.01556e-06
 -3.14418e-06
 -4.2237e-06
 -3.95838e-06
 -3.03333e-06
 -3.78574e-06
 -4.90227e-06
 -5.94159e-06
 -5.81986e-06
 -5.41609e-06
 -5.2588e-06
 -5.68171e-06
 -5.9618e-06
 -5.71582e-06
 -5.57703e-06
 -6.39148e-06
 -6.60151e-06
 -6.16695e-06
 -6.16516e-06
 -6.68925e-06
 -7.48084e-06
 -8.27547e-06
 -8.509239999999999e-06
 -7.6564e-06
 -6.55067e-06
 -6.35658e-06
 -5.93503e-06
 -5.24232e-06
 -4.36712e-06
 -4.11108e-06
 -4.77862e-06
 -5.24019e-06
 -4.6227e-06
 -3.98971e-06
 -3.72695e-06
 -3.35834e-06
 -3.00884e-06
 -3.61282e-06
 -4.03236e-06
 -4.09686e-06
 -4.52731e-06
 -5.57409e-06
 -5.87129e-06
 -4.9243e-06
 -4.14297e-06
 -3.11563e-06
 -2.09943e-06
 -2.12818e-06
 -3.04643e-06
 -3.60086e-06
 -3.47899e-06
 -3.40159e-06
